
FIFO
Hits: 87 + 78 +81 + 87 + 84 = 417/5 = average 83%
miss: 13 + 22 +19 + 13 + 16 =83/5 = average 14%
RR
Hits: 81 + 88 + 83 + 86 + 88 = 426/5 = average 85%
Miss: 19 +12 + 17 + 14 + 12 = 74/5 = average 14%
LRU
Hits: 85 + 87 + 89 + 83 + 85 = 429 = average 85%
Miss: 15 +13 + 11 + 17 + 15 = 71/5 = average 14%
LFU
Hits: 87 + 88 + 84 + 81 + 83 = 423 = average 84%
Miss: 13 + 12 + 16 + 19 + 17 = 77 = average 15% 
MFU
Hits: 81 + 74 + 79 + 83 + 79 = 396/5 = average 79%
Miss: 19 + 26 + 21 + 17 + 21 = 104/5 = average 20% 


Run 1

FIFO
7
7
7
7
7
7
7
7
2 7
2 7
2 7
2 7
2 7
2 7
2 7
2 7
2 7
2 7
2 7
2 7
2 7
2 7
2 7
2 7
2 7
2 7
4 2 7
4 2 7
8 4 2 7
9 8 4 2
9 8 4 2
9 8 4 2
9 8 4 2
9 8 4 2
9 8 4 2
9 8 4 2
9 8 4 2
9 8 4 2
9 8 4 2
9 8 4 2
9 8 4 2
3 9 8 4
3 9 8 4
3 9 8 4
2 3 9 8
2 3 9 8
2 3 9 8
2 3 9 8
2 3 9 8
2 3 9 8
2 3 9 8
2 3 9 8
2 3 9 8
2 3 9 8
2 3 9 8
2 3 9 8
2 3 9 8
2 3 9 8
0 2 3 9
0 2 3 9
0 2 3 9
0 2 3 9
0 2 3 9
0 2 3 9
0 2 3 9
0 2 3 9
0 2 3 9
0 2 3 9
0 2 3 9
0 2 3 9
0 2 3 9
0 2 3 9
0 2 3 9
8 0 2 3
8 0 2 3
7 8 0 2
3 7 8 0
1 3 7 8
1 3 7 8
9 1 3 7
9 1 3 7
9 1 3 7
9 1 3 7
9 1 3 7
9 1 3 7
9 1 3 7
9 1 3 7
9 1 3 7
9 1 3 7
9 1 3 7
9 1 3 7
9 1 3 7
9 1 3 7
9 1 3 7
9 1 3 7
9 1 3 7
9 1 3 7
9 1 3 7
9 1 3 7
9 1 3 7
Miss = 13
Hit = 87

RR
6
6
6
6
6
6
6
6
6 0
6 0
6 0 1
6 0 1
6 0 1
6 0 1
6 0 1
6 0 1
6 0 1
6 0 1 4
6 0 1 4
6 0 1 4
6 0 1 7
6 0 1 7
6 0 1 7
4 0 1 7
4 0 1 7
4 0 1 7
4 0 1 7
4 0 1 7
4 0 1 7
4 0 1 5
4 9 1 5
4 9 1 5
4 9 1 5
4 9 1 5
4 9 1 5
4 9 1 5
4 9 1 5
4 9 1 5
4 9 1 5
4 9 1 5
4 9 1 8
4 9 1 8
4 9 1 8
4 9 1 8
4 9 1 8
4 9 1 8
4 9 1 8
4 9 1 8
5 9 1 8
5 9 1 8
5 9 1 8
5 9 1 8
5 9 1 8
5 9 1 8
5 9 1 8
5 9 1 8
5 9 1 8
5 9 1 8
5 9 1 8
5 9 1 8
5 9 1 8
5 9 1 8
5 9 1 8
5 9 1 8
5 9 1 8
5 9 1 8
5 9 1 8
5 9 1 8
5 9 1 8
5 9 1 8
5 9 1 8
5 9 1 8
5 9 1 8
5 9 1 8
5 9 1 8
5 9 1 8
5 9 1 8
5 9 1 8
5 9 1 8
5 9 7 8
5 9 7 8
5 9 7 8
5 9 7 8
5 9 7 8
5 9 7 8
4 9 7 8
4 9 7 8
4 9 7 8
4 9 7 0
4 9 7 0
5 9 7 0
5 9 7 8
5 9 7 8
6 9 7 8
6 2 7 8
6 5 7 8
2 5 7 8
2 5 7 8
2 5 7 8
2 5 7 8
Miss = 19
Hit = 81

LRU
6
6
8 6
8 6
2 8 6
8 2 6
8 2 6
8 2 6
2 8 6
8 2 6
8 2 6
8 2 6
8 2 6
8 2 6
8 2 6
8 2 6
9 8 2 6
8 9 2 6
9 8 2 6
9 8 2 6
9 8 2 6
9 8 2 6
9 8 2 6
9 8 2 6
9 8 2 6
9 8 2 6
9 8 2 6
8 9 2 6
3 8 9 2
3 8 9 2
5 3 8 9
5 3 8 9
3 5 8 9
5 3 8 9
5 3 8 9
7 5 3 8
7 5 3 8
5 7 3 8
7 5 3 8
7 5 3 8
7 5 3 8
7 5 3 8
7 5 3 8
7 5 3 8
7 5 3 8
7 5 3 8
0 7 5 3
0 7 5 3
0 7 5 3
7 0 5 3
9 7 0 5
9 7 0 5
9 7 0 5
9 7 0 5
6 9 7 0
6 9 7 0
6 9 7 0
6 9 7 0
6 9 7 0
3 6 9 7
3 6 9 7
3 6 9 7
3 6 9 7
6 3 9 7
3 6 9 7
3 6 9 7
7 3 6 9
7 3 6 9
7 3 6 9
4 7 3 6
7 4 3 6
1 7 4 3
1 7 4 3
1 7 4 3
1 7 4 3
1 7 4 3
1 7 4 3
4 1 7 3
7 4 1 3
7 4 1 3
7 4 1 3
7 4 1 3
7 4 1 3
1 7 4 3
1 7 4 3
1 7 4 3
1 7 4 3
1 7 4 3
1 7 4 3
1 7 4 3
1 7 4 3
1 7 4 3
1 7 4 3
6 1 7 4
6 1 7 4
6 1 7 4
6 1 7 4
3 6 1 7
3 6 1 7
3 6 1 7
Miss = 15
Hit = 85

LFU
8
8
8
5 8
5 8
5 8
5 8
5 8
5 8
5 8
5 8
5 8
5 8
5 8
5 8
5 8
5 8
5 8
5 8
5 8
0 5 8
0 5 8
0 5 8
0 5 8
0 5 8
0 5 8
0 5 8
0 5 8
0 5 8
0 5 8
0 5 8
0 5 8
0 5 8
0 5 8
0 5 8
1 0 5 8
1 0 5 8
1 0 5 8
7 1 0 5
7 1 0 5
7 1 0 5
7 1 0 5
7 1 0 5
7 1 0 5
7 1 0 5
7 1 0 5
7 1 0 5
7 1 0 5
2 7 1 0
5 2 7 0
5 2 7 0
5 2 7 0
5 2 7 0
5 2 7 0
5 2 7 0
3 5 2 7
3 5 2 7
3 5 2 7
3 5 2 7
3 5 2 7
3 5 2 7
3 5 2 7
3 5 2 7
3 5 2 7
3 5 2 7
3 5 2 7
3 5 2 7
3 5 2 7
3 5 2 7
3 5 2 7
3 5 2 7
3 5 2 7
6 3 5 7
6 3 5 7
6 3 5 7
1 6 5 7
1 6 5 7
1 6 5 7
1 6 5 7
1 6 5 7
1 6 5 7
3 1 6 7
5 3 1 7
5 3 1 7
5 3 1 7
5 3 1 7
5 3 1 7
5 3 1 7
5 3 1 7
5 3 1 7
5 3 1 7
5 3 1 7
5 3 1 7
5 3 1 7
5 3 1 7
5 3 1 7
5 3 1 7
6 5 3 7
6 5 3 7
6 5 3 7
Miss = 13
Hit = 87

MFU
0
0
0
0
0
0
0
0
0
0
0
7 0
7 0
9 7 0
9 7 0
9 7 0
9 7 0
9 7 0
9 7 0
9 7 0
9 7 0
9 7 0
6 9 7 0
6 9 7 0
6 9 7 0
6 9 7 0
6 9 7 0
6 9 7 0
6 9 7 0
6 9 7 0
4 9 7 0
4 9 7 0
5 4 7 0
5 4 7 0
5 4 7 0
5 4 7 0
5 4 7 0
5 4 7 0
1 5 4 0
1 5 4 0
1 5 4 0
1 5 4 0
1 5 4 0
1 5 4 0
1 5 4 0
1 5 4 0
8 5 4 0
1 5 4 0
1 5 4 0
1 5 4 0
1 5 4 0
9 5 4 0
9 5 4 0
9 5 4 0
9 5 4 0
7 5 4 0
7 5 4 0
7 5 4 0
8 5 4 0
8 5 4 0
8 5 4 0
8 5 4 0
9 5 4 0
9 5 4 0
8 5 4 0
6 5 4 0
6 5 4 0
6 5 4 0
6 5 4 0
6 5 4 0
6 5 4 0
6 5 4 0
6 5 4 0
6 5 4 0
6 5 4 0
6 5 4 0
6 5 4 0
6 5 4 0
6 5 4 0
9 5 4 0
9 5 4 0
7 5 4 0
7 5 4 0
1 5 4 0
1 5 4 0
1 5 4 0
1 5 4 0
1 5 4 0
1 5 4 0
9 5 4 0
9 5 4 0
9 5 4 0
9 5 4 0
9 5 4 0
9 5 4 0
9 5 4 0
9 5 4 0
9 5 4 0
9 5 4 0
9 5 4 0
Miss = 19
Hit = 81

Run 2

FIFO
6
6
1 6
1 6
8 1 6
8 1 6
9 8 1 6
9 8 1 6
9 8 1 6
5 9 8 1
5 9 8 1
5 9 8 1
5 9 8 1
5 9 8 1
5 9 8 1
5 9 8 1
5 9 8 1
3 5 9 8
3 5 9 8
3 5 9 8
3 5 9 8
3 5 9 8
3 5 9 8
3 5 9 8
3 5 9 8
0 3 5 9
0 3 5 9
0 3 5 9
0 3 5 9
0 3 5 9
0 3 5 9
0 3 5 9
0 3 5 9
8 0 3 5
4 8 0 3
4 8 0 3
4 8 0 3
4 8 0 3
4 8 0 3
4 8 0 3
4 8 0 3
4 8 0 3
4 8 0 3
4 8 0 3
4 8 0 3
4 8 0 3
4 8 0 3
7 4 8 0
7 4 8 0
7 4 8 0
7 4 8 0
9 7 4 8
9 7 4 8
9 7 4 8
9 7 4 8
9 7 4 8
5 9 7 4
6 5 9 7
6 5 9 7
6 5 9 7
6 5 9 7
6 5 9 7
6 5 9 7
6 5 9 7
6 5 9 7
6 5 9 7
6 5 9 7
6 5 9 7
4 6 5 9
4 6 5 9
4 6 5 9
8 4 6 5
3 8 4 6
3 8 4 6
3 8 4 6
3 8 4 6
3 8 4 6
3 8 4 6
0 3 8 4
0 3 8 4
0 3 8 4
6 0 3 8
6 0 3 8
6 0 3 8
6 0 3 8
6 0 3 8
4 6 0 3
1 4 6 0
1 4 6 0
9 1 4 6
9 1 4 6
9 1 4 6
9 1 4 6
9 1 4 6
9 1 4 6
9 1 4 6
9 1 4 6
2 9 1 4
2 9 1 4
2 9 1 4
Miss = 22
Hit = 78

RR
4
4
4
4
4 5
4 5
4 5
4 5
4 5 6
4 5 6
4 5 6
4 5 6 9
4 5 6 9
4 5 6 9
4 5 6 9
4 5 6 9
4 5 6 9
4 5 6 9
4 5 6 9
4 5 6 9
4 5 6 9
4 5 6 9
4 5 6 9
4 5 6 1
4 5 6 1
4 5 6 1
4 5 6 1
4 5 6 1
4 5 6 1
4 5 6 1
4 7 6 1
4 7 6 1
4 7 6 1
4 7 6 1
4 7 6 1
4 7 6 1
4 7 6 1
4 7 6 1
4 7 6 1
4 7 6 1
4 7 3 1
4 7 3 1
4 7 3 1
4 7 3 1
4 7 3 1
4 7 3 1
4 7 3 1
4 7 3 1
4 7 3 1
4 7 3 1
4 7 3 1
4 7 3 1
4 7 3 1
4 7 3 1
4 7 3 1
4 7 3 1
4 7 3 1
4 7 3 1
4 7 3 1
4 6 3 1
4 6 3 1
4 6 3 1
4 6 3 1
4 6 3 9
4 6 3 9
4 6 3 9
4 6 3 9
4 6 3 9
4 6 3 9
4 6 3 9
4 6 3 9
4 6 3 9
4 6 3 9
4 6 3 9
4 6 3 9
4 6 3 9
4 6 3 9
4 6 3 9
4 6 3 9
4 6 3 9
4 6 3 9
4 6 3 9
4 6 3 9
4 6 3 9
4 6 3 9
4 6 3 9
4 6 3 9
4 6 3 9
4 6 3 9
4 6 3 9
4 6 3 9
0 6 3 9
0 6 3 9
0 6 3 9
0 6 3 9
0 6 5 9
0 3 5 9
0 3 5 9
0 3 5 9
0 3 5 9
Miss = 12
Hit = 88

LRU
8
6 8
6 8
6 8
6 8
6 8
6 8
6 8
6 8
6 8
5 6 8
5 6 8
5 6 8
3 5 6 8
3 5 6 8
3 5 6 8
3 5 6 8
3 5 6 8
3 5 6 8
5 3 6 8
3 5 6 8
3 5 6 8
3 5 6 8
8 3 5 6
3 8 5 6
2 3 8 5
8 2 3 5
2 8 3 5
2 8 3 5
2 8 3 5
2 8 3 5
2 8 3 5
2 8 3 5
2 8 3 5
2 8 3 5
2 8 3 5
2 8 3 5
2 8 3 5
2 8 3 5
2 8 3 5
2 8 3 5
2 8 3 5
2 8 3 5
2 8 3 5
2 8 3 5
5 2 8 3
5 2 8 3
5 2 8 3
2 5 8 3
5 2 8 3
5 2 8 3
5 2 8 3
5 2 8 3
5 2 8 3
5 2 8 3
5 2 8 3
5 2 8 3
0 5 2 8
8 0 5 2
8 0 5 2
8 0 5 2
8 0 5 2
8 0 5 2
9 8 0 5
1 9 8 0
1 9 8 0
1 9 8 0
9 1 8 0
1 9 8 0
1 9 8 0
1 9 8 0
1 9 8 0
1 9 8 0
6 1 9 8
1 6 9 8
6 1 9 8
6 1 9 8
9 6 1 8
9 6 1 8
0 9 6 1
0 9 6 1
8 0 9 6
9 8 0 6
9 8 0 6
8 9 0 6
8 9 0 6
9 8 0 6
9 8 0 6
9 8 0 6
2 9 8 0
2 9 8 0
9 2 8 0
2 9 8 0
2 9 8 0
2 9 8 0
9 2 8 0
1 9 2 8
2 1 9 8
1 2 9 8
8 1 2 9
Miss = 13
Hit = 87

LFU
8
5 8
5 8
5 8
5 8
5 8
5 8
5 8
5 8
5 8
5 8
5 8
5 8
5 8
5 8
5 8
5 8
5 8
5 8
6 5 8
6 5 8
6 5 8
6 5 8
6 5 8
6 5 8
6 5 8
6 5 8
6 5 8
6 5 8
6 5 8
6 5 8
6 5 8
6 5 8
7 6 5 8
7 6 5 8
7 6 5 8
3 7 6 5
3 7 6 5
3 7 6 5
2 7 6 5
2 7 6 5
2 7 6 5
2 7 6 5
2 7 6 5
2 7 6 5
2 7 6 5
8 2 6 5
8 2 6 5
8 2 6 5
1 8 6 5
1 8 6 5
1 8 6 5
1 8 6 5
1 8 6 5
1 8 6 5
1 8 6 5
1 8 6 5
1 8 6 5
1 8 6 5
1 8 6 5
1 8 6 5
1 8 6 5
1 8 6 5
1 8 6 5
1 8 6 5
1 8 6 5
1 8 6 5
1 8 6 5
1 8 6 5
1 8 6 5
1 8 6 5
1 8 6 5
1 8 6 5
2 1 8 5
2 1 8 5
2 1 8 5
6 2 1 8
6 2 1 8
6 2 1 8
6 2 1 8
6 2 1 8
6 2 1 8
6 2 1 8
6 2 1 8
6 2 1 8
6 2 1 8
6 2 1 8
6 2 1 8
6 2 1 8
6 2 1 8
4 6 2 8
4 6 2 8
4 6 2 8
4 6 2 8
4 6 2 8
4 6 2 8
4 6 2 8
4 6 2 8
4 6 2 8
1 4 6 2
Miss = 12
Hit = 88

MFU
5
1 5
1 5
1 5
1 5
1 5
1 5
1 5
1 5
9 1 5
9 1 5
9 1 5
9 1 5
9 1 5
9 1 5
9 1 5
9 1 5
9 1 5
8 9 1 5
8 9 1 5
8 9 1 5
8 9 1 5
8 9 1 5
8 9 1 5
8 9 1 5
8 9 1 5
8 9 1 5
8 9 1 5
4 8 1 5
3 4 1 5
3 4 1 5
3 4 1 5
3 4 1 5
3 4 1 5
3 4 1 5
3 4 1 5
3 4 1 5
3 4 1 5
6 4 1 5
6 4 1 5
3 4 1 5
6 4 1 5
3 4 1 5
0 4 1 5
0 4 1 5
6 4 1 5
6 4 1 5
6 4 1 5
6 4 1 5
6 4 1 5
6 4 1 5
6 4 1 5
2 4 1 5
2 4 1 5
2 4 1 5
2 4 1 5
2 4 1 5
2 4 1 5
2 4 1 5
2 4 1 5
2 4 1 5
7 4 1 5
2 4 1 5
7 4 1 5
7 4 1 5
2 4 1 5
7 4 1 5
7 4 1 5
7 4 1 5
7 4 1 5
0 4 1 5
0 4 1 5
0 4 1 5
0 4 1 5
0 4 1 5
0 4 1 5
2 4 1 5
9 4 1 5
9 4 1 5
2 4 1 5
9 4 1 5
9 4 1 5
9 4 1 5
9 4 1 5
9 4 1 5
9 4 1 5
9 4 1 5
9 4 1 5
9 4 1 5
9 4 1 5
7 4 1 5
7 4 1 5
7 4 1 5
7 4 1 5
7 4 1 5
7 4 1 5
7 4 1 5
7 4 1 5
6 4 1 5
8 4 1 5
Miss = 26
Hit = 74

Run 3

FIFO
6
3 6
3 6
1 3 6
1 3 6
1 3 6
1 3 6
1 3 6
1 3 6
1 3 6
1 3 6
1 3 6
1 3 6
1 3 6
1 3 6
1 3 6
1 3 6
1 3 6
1 3 6
1 3 6
1 3 6
1 3 6
8 1 3 6
8 1 3 6
8 1 3 6
8 1 3 6
8 1 3 6
8 1 3 6
8 1 3 6
8 1 3 6
8 1 3 6
8 1 3 6
9 8 1 3
9 8 1 3
9 8 1 3
9 8 1 3
6 9 8 1
5 6 9 8
5 6 9 8
5 6 9 8
5 6 9 8
5 6 9 8
5 6 9 8
5 6 9 8
1 5 6 9
1 5 6 9
1 5 6 9
3 1 5 6
3 1 5 6
3 1 5 6
3 1 5 6
2 3 1 5
2 3 1 5
4 2 3 1
9 4 2 3
9 4 2 3
9 4 2 3
9 4 2 3
9 4 2 3
9 4 2 3
9 4 2 3
9 4 2 3
9 4 2 3
9 4 2 3
9 4 2 3
9 4 2 3
9 4 2 3
9 4 2 3
6 9 4 2
6 9 4 2
6 9 4 2
6 9 4 2
6 9 4 2
7 6 9 4
7 6 9 4
7 6 9 4
7 6 9 4
7 6 9 4
7 6 9 4
7 6 9 4
7 6 9 4
5 7 6 9
5 7 6 9
2 5 7 6
2 5 7 6
2 5 7 6
2 5 7 6
2 5 7 6
2 5 7 6
2 5 7 6
2 5 7 6
2 5 7 6
4 2 5 7
4 2 5 7
4 2 5 7
8 4 2 5
8 4 2 5
3 8 4 2
3 8 4 2
3 8 4 2
Miss = 19
Hit = 81

RR
1
1
1
1 9
1 9
1 9
1 9
1 9 3
1 9 3
1 9 3
1 9 3
1 9 3
1 9 3
1 9 3
1 9 3 2
1 9 3 2
1 9 3 2
1 9 3 2
1 9 3 2
1 9 3 2
1 9 3 2
1 9 3 2
1 9 3 2
1 9 3 2
1 9 3 2
1 9 3 2
5 9 3 2
5 9 3 2
5 9 3 2
5 1 3 2
5 1 3 2
5 1 3 2
5 1 3 2
5 1 3 2
5 1 3 2
5 1 3 9
5 1 3 9
5 1 3 9
5 1 3 9
5 1 3 9
5 1 3 9
5 1 3 9
5 1 3 9
5 1 3 9
5 1 3 9
5 1 3 9
7 1 3 9
7 1 3 9
7 2 3 9
7 2 3 9
7 2 3 9
7 2 5 9
7 2 5 9
7 2 5 9
7 2 5 9
7 2 5 9
7 2 5 9
7 2 5 9
7 2 5 9
7 2 5 9
7 2 5 9
7 2 5 9
7 2 5 9
7 2 5 9
7 2 5 9
7 2 5 9
7 2 5 9
7 2 3 9
7 2 3 9
7 2 3 9
7 2 3 9
7 2 3 9
7 2 3 9
7 2 3 9
7 2 3 9
7 2 3 9
7 2 3 9
7 2 3 9
7 2 3 9
7 2 3 9
7 2 0 9
7 2 0 9
7 1 0 9
3 1 0 9
3 1 0 9
3 1 0 9
3 1 0 9
3 1 0 9
3 8 0 9
3 8 0 9
3 8 0 9
3 8 0 9
3 8 2 9
7 8 2 9
7 8 2 9
7 8 2 9
7 8 2 9
7 8 2 9
7 8 2 9
7 8 2 9
Miss = 17
Hit = 83

LRU
1
1
1
1
1
5 1
5 1
5 1
7 5 1
1 7 5
1 7 5
1 7 5
5 1 7
1 5 7
5 1 7
1 5 7
0 1 5 7
1 0 5 7
0 1 5 7
0 1 5 7
0 1 5 7
0 1 5 7
0 1 5 7
0 1 5 7
6 0 1 5
6 0 1 5
6 0 1 5
6 0 1 5
6 0 1 5
6 0 1 5
6 0 1 5
6 0 1 5
6 0 1 5
1 6 0 5
1 6 0 5
1 6 0 5
1 6 0 5
6 1 0 5
1 6 0 5
1 6 0 5
9 1 6 0
9 1 6 0
9 1 6 0
9 1 6 0
9 1 6 0
9 1 6 0
9 1 6 0
9 1 6 0
9 1 6 0
9 1 6 0
9 1 6 0
9 1 6 0
8 9 1 6
8 9 1 6
8 9 1 6
8 9 1 6
9 8 1 6
9 8 1 6
8 9 1 6
8 9 1 6
8 9 1 6
8 9 1 6
6 8 9 1
6 8 9 1
6 8 9 1
6 8 9 1
6 8 9 1
6 8 9 1
8 6 9 1
6 8 9 1
6 8 9 1
0 6 8 9
0 6 8 9
0 6 8 9
0 6 8 9
7 0 6 8
7 0 6 8
7 0 6 8
7 0 6 8
7 0 6 8
7 0 6 8
7 0 6 8
7 0 6 8
7 0 6 8
7 0 6 8
7 0 6 8
7 0 6 8
7 0 6 8
7 0 6 8
7 0 6 8
2 7 0 6
2 7 0 6
2 7 0 6
2 7 0 6
2 7 0 6
2 7 0 6
5 2 7 0
2 5 7 0
5 2 7 0
5 2 7 0
Miss = 11
Hit = 89

LFU
0
6 0
6 0
6 0
6 0
6 0
6 0
8 6 0
8 6 0
8 6 0
1 8 6 0
1 8 6 0
1 8 6 0
1 8 6 0
1 8 6 0
1 8 6 0
1 8 6 0
1 8 6 0
1 8 6 0
1 8 6 0
9 1 8 6
9 1 8 6
9 1 8 6
9 1 8 6
5 9 1 8
5 9 1 8
5 9 1 8
5 9 1 8
5 9 1 8
7 5 9 1
7 5 9 1
7 5 9 1
7 5 9 1
7 5 9 1
7 5 9 1
7 5 9 1
7 5 9 1
3 7 5 1
3 7 5 1
3 7 5 1
3 7 5 1
3 7 5 1
3 7 5 1
3 7 5 1
3 7 5 1
9 3 7 1
9 3 7 1
2 9 3 7
2 9 3 7
2 9 3 7
2 9 3 7
2 9 3 7
2 9 3 7
6 2 9 3
6 2 9 3
6 2 9 3
6 2 9 3
8 6 2 3
8 6 2 3
8 6 2 3
8 6 2 3
8 6 2 3
8 6 2 3
8 6 2 3
8 6 2 3
0 8 6 3
0 8 6 3
0 8 6 3
0 8 6 3
0 8 6 3
0 8 6 3
1 0 8 3
1 0 8 3
1 0 8 3
1 0 8 3
1 0 8 3
1 0 8 3
1 0 8 3
1 0 8 3
1 0 8 3
1 0 8 3
1 0 8 3
1 0 8 3
1 0 8 3
1 0 8 3
1 0 8 3
1 0 8 3
1 0 8 3
1 0 8 3
1 0 8 3
1 0 8 3
1 0 8 3
1 0 8 3
1 0 8 3
1 0 8 3
1 0 8 3
4 1 0 8
4 1 0 8
9 4 1 0
9 4 1 0
Miss = 16
Hit = 84

MFU
4
4
4
8 4
8 4
0 8 4
0 8 4
0 8 4
0 8 4
0 8 4
0 8 4
0 8 4
2 0 8 4
6 2 8 4
6 2 8 4
6 2 8 4
9 2 8 4
9 2 8 4
9 2 8 4
9 2 8 4
9 2 8 4
9 2 8 4
9 2 8 4
9 2 8 4
9 2 8 4
9 2 8 4
9 2 8 4
9 2 8 4
9 2 8 4
9 2 8 4
9 2 8 4
9 2 8 4
9 2 8 4
6 9 2 4
6 9 2 4
6 9 2 4
6 9 2 4
6 9 2 4
6 9 2 4
6 9 2 4
6 9 2 4
6 9 2 4
6 9 2 4
6 9 2 4
6 9 2 4
6 9 2 4
6 9 2 4
6 9 2 4
6 9 2 4
6 9 2 4
6 9 2 4
6 9 2 4
6 9 2 4
5 9 2 4
5 9 2 4
5 9 2 4
5 9 2 4
5 9 2 4
5 9 2 4
5 9 2 4
5 9 2 4
5 9 2 4
3 9 2 4
3 9 2 4
3 9 2 4
3 9 2 4
3 9 2 4
5 9 2 4
5 9 2 4
5 9 2 4
6 9 2 4
6 9 2 4
6 9 2 4
6 9 2 4
6 9 2 4
6 9 2 4
8 9 2 4
8 9 2 4
8 9 2 4
8 9 2 4
6 9 2 4
7 9 2 4
7 9 2 4
7 9 2 4
7 9 2 4
7 9 2 4
7 9 2 4
8 9 2 4
6 9 2 4
7 9 2 4
7 9 2 4
7 9 2 4
7 9 2 4
6 9 2 4
7 9 2 4
7 9 2 4
7 9 2 4
6 9 2 4
7 9 2 4
7 9 2 4
Miss = 21
Hit = 79


Run 4

FIFO
8
8
8
8
8
8
8
8
8
8
8
8
8
0 8
0 8
0 8
0 8
0 8
0 8
5 0 8
5 0 8
5 0 8
5 0 8
5 0 8
5 0 8
5 0 8
5 0 8
5 0 8
5 0 8
5 0 8
5 0 8
5 0 8
5 0 8
5 0 8
5 0 8
5 0 8
5 0 8
5 0 8
5 0 8
5 0 8
5 0 8
5 0 8
5 0 8
5 0 8
5 0 8
3 5 0 8
3 5 0 8
3 5 0 8
6 3 5 0
6 3 5 0
1 6 3 5
1 6 3 5
2 1 6 3
2 1 6 3
2 1 6 3
2 1 6 3
2 1 6 3
2 1 6 3
2 1 6 3
2 1 6 3
2 1 6 3
2 1 6 3
2 1 6 3
2 1 6 3
2 1 6 3
2 1 6 3
2 1 6 3
2 1 6 3
2 1 6 3
2 1 6 3
2 1 6 3
2 1 6 3
2 1 6 3
2 1 6 3
8 2 1 6
4 8 2 1
4 8 2 1
3 4 8 2
3 4 8 2
3 4 8 2
3 4 8 2
3 4 8 2
3 4 8 2
3 4 8 2
3 4 8 2
3 4 8 2
3 4 8 2
6 3 4 8
6 3 4 8
6 3 4 8
6 3 4 8
6 3 4 8
6 3 4 8
6 3 4 8
0 6 3 4
0 6 3 4
0 6 3 4
2 0 6 3
2 0 6 3
2 0 6 3
Miss = 13
Hit = 87

RR
3
3
3
3
3
3
3
3
3
3
3 9
3 9
3 9 2
3 9 2
3 9 2
3 9 2
3 9 2
3 9 2
3 9 2
3 9 2
3 9 2
3 9 2
3 9 2
3 9 2
3 9 2
3 9 2
3 9 2
3 9 2
3 9 2
3 9 2
3 9 2
3 9 2
3 9 2
3 9 2
3 9 2 5
3 9 2 5
3 9 2 5
3 9 2 5
3 9 2 5
3 9 2 5
3 9 2 5
3 9 2 5
3 9 2 5
3 9 2 5
3 9 2 5
3 9 2 5
3 9 2 5
3 9 2 5
3 9 2 5
3 9 2 5
3 9 2 5
3 9 2 5
3 9 2 5
3 9 2 5
3 9 2 5
3 9 2 5
3 9 2 5
3 9 0 5
3 9 0 5
3 9 0 5
3 9 0 5
3 9 0 5
3 9 0 5
3 9 0 5
3 9 0 2
3 9 0 2
3 9 0 2
3 9 0 2
3 9 0 2
3 9 0 2
3 9 0 2
3 9 0 2
3 9 0 2
3 9 0 2
3 9 0 2
3 9 0 2
3 9 0 2
3 9 0 2
3 9 0 2
3 9 0 2
3 6 0 2
3 4 0 2
3 8 0 2
3 8 7 2
3 8 7 2
3 8 7 2
3 8 7 2
3 8 7 2
3 8 7 2
3 8 1 2
6 8 1 2
6 8 1 2
6 8 1 2
6 8 1 2
6 8 1 2
6 8 1 2
6 8 1 2
3 8 1 2
3 8 1 2
3 8 9 2
Miss = 14
Hit = 86

LRU
0
5 0
2 5 0
2 5 0
2 5 0
4 2 5 0
4 2 5 0
4 2 5 0
4 2 5 0
8 4 2 5
8 4 2 5
8 4 2 5
5 8 4 2
2 5 8 4
1 2 5 8
2 1 5 8
1 2 5 8
1 2 5 8
1 2 5 8
1 2 5 8
0 1 2 5
6 0 1 2
6 0 1 2
6 0 1 2
6 0 1 2
6 0 1 2
6 0 1 2
6 0 1 2
6 0 1 2
0 6 1 2
6 0 1 2
6 0 1 2
6 0 1 2
6 0 1 2
6 0 1 2
6 0 1 2
6 0 1 2
6 0 1 2
6 0 1 2
6 0 1 2
6 0 1 2
6 0 1 2
6 0 1 2
6 0 1 2
6 0 1 2
8 6 0 1
6 8 0 1
8 6 0 1
1 8 6 0
3 1 8 6
3 1 8 6
3 1 8 6
3 1 8 6
3 1 8 6
3 1 8 6
3 1 8 6
3 1 8 6
3 1 8 6
8 3 1 6
8 3 1 6
3 8 1 6
7 3 8 1
7 3 8 1
7 3 8 1
7 3 8 1
7 3 8 1
7 3 8 1
7 3 8 1
7 3 8 1
7 3 8 1
7 3 8 1
3 7 8 1
3 7 8 1
3 7 8 1
3 7 8 1
1 3 7 8
1 3 7 8
1 3 7 8
3 1 7 8
5 3 1 7
5 3 1 7
5 3 1 7
5 3 1 7
5 3 1 7
5 3 1 7
5 3 1 7
5 3 1 7
4 5 3 1
4 5 3 1
9 4 5 3
9 4 5 3
7 9 4 5
9 7 4 5
8 9 7 4
8 9 7 4
8 9 7 4
8 9 7 4
7 8 9 4
6 7 8 9
6 7 8 9
Miss = 17
Hit = 83

LFU
8
8
2 8
2 8
2 8
2 8
2 8
6 2 8
6 2 8
6 2 8
6 2 8
6 2 8
6 2 8
6 2 8
6 2 8
6 2 8
6 2 8
6 2 8
7 6 2 8
4 7 6 8
3 4 7 6
3 4 7 6
3 4 7 6
3 4 7 6
2 3 4 6
2 3 4 6
0 3 4 6
0 3 4 6
0 3 4 6
0 3 4 6
0 3 4 6
0 3 4 6
0 3 4 6
2 0 4 6
2 0 4 6
2 0 4 6
2 0 4 6
2 0 4 6
3 2 0 6
3 2 0 6
3 2 0 6
3 2 0 6
3 2 0 6
3 2 0 6
3 2 0 6
3 2 0 6
3 2 0 6
3 2 0 6
3 2 0 6
3 2 0 6
3 2 0 6
3 2 0 6
3 2 0 6
3 2 0 6
3 2 0 6
3 2 0 6
3 2 0 6
3 2 0 6
3 2 0 6
3 2 0 6
8 3 2 0
8 3 2 0
8 3 2 0
8 3 2 0
8 3 2 0
8 3 2 0
8 3 2 0
8 3 2 0
1 8 3 2
1 8 3 2
4 1 8 2
4 1 8 2
0 4 1 2
0 4 1 2
0 4 1 2
9 0 4 2
9 0 4 2
9 0 4 2
9 0 4 2
9 0 4 2
9 0 4 2
9 0 4 2
8 9 0 4
8 9 0 4
8 9 0 4
8 9 0 4
8 9 0 4
6 8 9 0
6 8 9 0
6 8 9 0
6 8 9 0
6 8 9 0
6 8 9 0
6 8 9 0
7 6 8 9
0 7 6 8
0 7 6 8
0 7 6 8
0 7 6 8
0 7 6 8
Miss = 19
Hit = 81

MFU
8
8
8
8
8
8
8
8
9 8
1 9 8
1 9 8
1 9 8
1 9 8
1 9 8
1 9 8
1 9 8
1 9 8
1 9 8
3 1 9 8
3 1 9 8
3 1 9 8
3 1 9 8
3 1 9 8
3 1 9 8
3 1 9 8
6 1 9 8
6 1 9 8
6 1 9 8
6 1 9 8
6 1 9 8
6 1 9 8
6 1 9 8
6 1 9 8
6 1 9 8
6 1 9 8
6 1 9 8
6 1 9 8
4 6 9 8
4 6 9 8
4 6 9 8
4 6 9 8
4 6 9 8
4 6 9 8
4 6 9 8
4 6 9 8
4 6 9 8
4 6 9 8
4 6 9 8
4 6 9 8
4 6 9 8
4 6 9 8
4 6 9 8
4 6 9 8
1 6 9 8
1 6 9 8
1 6 9 8
1 6 9 8
1 6 9 8
1 6 9 8
1 6 9 8
1 6 9 8
1 6 9 8
1 6 9 8
1 6 9 8
4 6 9 8
1 6 9 8
1 6 9 8
1 6 9 8
1 6 9 8
1 6 9 8
1 6 9 8
1 6 9 8
1 6 9 8
1 6 9 8
1 6 9 8
3 6 9 8
3 6 9 8
1 6 9 8
3 6 9 8
1 6 9 8
3 6 9 8
3 6 9 8
3 6 9 8
1 6 9 8
1 6 9 8
1 6 9 8
1 6 9 8
1 6 9 8
1 6 9 8
1 6 9 8
1 6 9 8
1 6 9 8
1 6 9 8
1 6 9 8
5 6 9 8
5 6 9 8
5 6 9 8
5 6 9 8
5 6 9 8
2 6 9 8
Miss = 17
Hit = 83


Run 5

FIFO
5
5
5
5
5
5
5
5
5
5
5
5
5
9 5
6 9 5
6 9 5
6 9 5
6 9 5
6 9 5
6 9 5
6 9 5
6 9 5
6 9 5
6 9 5
6 9 5
6 9 5
6 9 5
6 9 5
6 9 5
6 9 5
4 6 9 5
4 6 9 5
4 6 9 5
4 6 9 5
4 6 9 5
4 6 9 5
4 6 9 5
3 4 6 9
1 3 4 6
1 3 4 6
1 3 4 6
1 3 4 6
1 3 4 6
1 3 4 6
1 3 4 6
1 3 4 6
1 3 4 6
2 1 3 4
2 1 3 4
2 1 3 4
8 2 1 3
0 8 2 1
0 8 2 1
0 8 2 1
0 8 2 1
0 8 2 1
0 8 2 1
0 8 2 1
6 0 8 2
6 0 8 2
6 0 8 2
6 0 8 2
6 0 8 2
6 0 8 2
6 0 8 2
7 6 0 8
7 6 0 8
7 6 0 8
7 6 0 8
7 6 0 8
7 6 0 8
2 7 6 0
2 7 6 0
2 7 6 0
2 7 6 0
5 2 7 6
5 2 7 6
5 2 7 6
5 2 7 6
5 2 7 6
5 2 7 6
5 2 7 6
5 2 7 6
5 2 7 6
5 2 7 6
5 2 7 6
5 2 7 6
5 2 7 6
5 2 7 6
5 2 7 6
1 5 2 7
1 5 2 7
6 1 5 2
6 1 5 2
6 1 5 2
0 6 1 5
0 6 1 5
0 6 1 5
0 6 1 5
0 6 1 5
Miss = 16
Hit = 84

RR
7
7 2
7 2
7 2 1
7 2 1
7 2 1
7 2 1
7 2 1
7 2 1
7 2 1
7 2 1
7 2 1
7 2 1
7 2 1
7 2 1
7 2 1
7 2 1
7 2 1
7 2 1
7 2 1
7 2 1
7 2 1 0
7 2 3 0
7 2 3 0
7 2 3 0
7 2 3 0
7 2 3 0
7 2 3 0
7 2 3 0
7 2 3 0
7 2 3 0
7 2 3 0
7 2 3 0
7 4 3 0
6 4 3 0
6 4 3 0
6 4 3 0
6 4 3 0
6 4 3 0
6 4 3 0
6 4 3 0
6 4 3 0
6 4 3 0
6 4 3 0
6 4 3 0
6 4 3 0
6 4 3 0
6 4 3 0
6 4 3 0
6 4 3 0
6 4 3 0
6 4 3 0
6 4 3 0
6 4 3 0
6 4 3 0
6 7 3 0
6 7 3 0
6 7 3 0
6 7 3 0
6 7 3 0
6 7 3 0
6 7 3 0
6 7 3 0
6 7 3 0
6 7 3 0
6 7 3 0
6 7 3 0
6 7 3 0
6 7 3 0
6 7 3 0
1 7 3 0
1 7 3 0
1 7 3 0
1 7 3 0
1 7 3 0
1 7 3 0
1 7 3 0
1 7 3 0
1 7 3 0
1 7 3 0
1 7 3 0
1 7 3 0
1 7 3 0
1 7 3 0
1 7 3 4
1 5 3 4
1 5 3 4
1 5 3 4
1 5 3 4
8 5 3 4
8 5 3 4
8 5 3 4
8 5 3 4
8 5 3 4
8 5 3 4
8 5 3 4
8 5 3 4
8 5 3 4
8 5 3 4
8 5 3 4
Miss = 12
Hit = 88

LRU
5
5
5
9 5
9 5
6 9 5
6 9 5
3 6 9 5
4 3 6 9
4 3 6 9
4 3 6 9
8 4 3 6
4 8 3 6
8 4 3 6
8 4 3 6
4 8 3 6
4 8 3 6
4 8 3 6
4 8 3 6
5 4 8 3
5 4 8 3
9 5 4 8
9 5 4 8
9 5 4 8
5 9 4 8
9 5 4 8
5 9 4 8
9 5 4 8
9 5 4 8
9 5 4 8
9 5 4 8
9 5 4 8
9 5 4 8
9 5 4 8
9 5 4 8
9 5 4 8
9 5 4 8
9 5 4 8
5 9 4 8
9 5 4 8
5 9 4 8
5 9 4 8
5 9 4 8
5 9 4 8
5 9 4 8
5 9 4 8
5 9 4 8
1 5 9 4
1 5 9 4
5 1 9 4
5 1 9 4
5 1 9 4
5 1 9 4
5 1 9 4
1 5 9 4
5 1 9 4
5 1 9 4
5 1 9 4
1 5 9 4
1 5 9 4
1 5 9 4
1 5 9 4
1 5 9 4
6 1 5 9
1 6 5 9
6 1 5 9
6 1 5 9
1 6 5 9
6 1 5 9
6 1 5 9
6 1 5 9
6 1 5 9
6 1 5 9
6 1 5 9
6 1 5 9
6 1 5 9
6 1 5 9
1 6 5 9
1 6 5 9
9 1 6 5
3 9 1 6
8 3 9 1
8 3 9 1
8 3 9 1
8 3 9 1
8 3 9 1
8 3 9 1
8 3 9 1
8 3 9 1
8 3 9 1
8 3 9 1
2 8 3 9
2 8 3 9
2 8 3 9
2 8 3 9
2 8 3 9
2 8 3 9
1 2 8 3
0 1 2 8
0 1 2 8
Miss = 15
Hit = 85

LFU
9
9
2 9
2 9
2 9
2 9
2 9
2 9
2 9
2 9
2 9
2 9
1 2 9
1 2 9
4 1 2 9
4 1 2 9
4 1 2 9
4 1 2 9
4 1 2 9
4 1 2 9
4 1 2 9
4 1 2 9
4 1 2 9
4 1 2 9
4 1 2 9
4 1 2 9
4 1 2 9
4 1 2 9
4 1 2 9
4 1 2 9
4 1 2 9
4 1 2 9
4 1 2 9
4 1 2 9
4 1 2 9
8 4 1 2
8 4 1 2
8 4 1 2
8 4 1 2
8 4 1 2
8 4 1 2
8 4 1 2
8 4 1 2
9 8 4 1
9 8 4 1
9 8 4 1
0 9 8 4
0 9 8 4
0 9 8 4
0 9 8 4
0 9 8 4
0 9 8 4
0 9 8 4
0 9 8 4
0 9 8 4
0 9 8 4
0 9 8 4
1 9 8 4
1 9 8 4
1 9 8 4
7 1 8 4
7 1 8 4
7 1 8 4
7 1 8 4
7 1 8 4
7 1 8 4
7 1 8 4
3 7 1 8
3 7 1 8
3 7 1 8
3 7 1 8
0 3 1 8
0 3 1 8
2 0 3 8
2 0 3 8
2 0 3 8
2 0 3 8
2 0 3 8
5 2 3 8
5 2 3 8
1 5 2 8
9 1 5 2
9 1 5 2
9 1 5 2
6 9 1 5
6 9 1 5
6 9 1 5
6 9 1 5
6 9 1 5
6 9 1 5
0 6 9 5
0 6 9 5
0 6 9 5
0 6 9 5
0 6 9 5
0 6 9 5
0 6 9 5
0 6 9 5
0 6 9 5
0 6 9 5
Miss = 17
Hit = 83

MFU
8
8
5 8
5 8
5 8
5 8
3 5 8
3 5 8
3 5 8
3 5 8
3 5 8
3 5 8
3 5 8
3 5 8
3 5 8
3 5 8
3 5 8
3 5 8
3 5 8
3 5 8
3 5 8
3 5 8
3 5 8
3 5 8
3 5 8
3 5 8
3 5 8
3 5 8
3 5 8
0 3 5 8
0 3 5 8
0 3 5 8
0 3 5 8
9 0 3 5
9 0 3 5
9 0 3 5
9 0 3 5
9 0 3 5
1 9 3 5
1 9 3 5
1 9 3 5
4 9 3 5
4 9 3 5
4 9 3 5
4 9 3 5
4 9 3 5
4 9 3 5
4 9 3 5
4 9 3 5
4 9 3 5
1 9 3 5
4 9 3 5
4 9 3 5
4 9 3 5
4 9 3 5
1 9 3 5
1 9 3 5
1 9 3 5
1 9 3 5
1 9 3 5
1 9 3 5
1 9 3 5
1 9 3 5
1 9 3 5
2 1 9 5
2 1 9 5
2 1 9 5
2 1 9 5
2 1 9 5
2 1 9 5
2 1 9 5
2 1 9 5
7 1 9 5
7 1 9 5
7 1 9 5
7 1 9 5
7 1 9 5
7 1 9 5
7 1 9 5
7 1 9 5
3 1 9 5
4 1 9 5
4 1 9 5
4 1 9 5
0 1 9 5
4 1 9 5
0 1 9 5
2 1 9 5
2 1 9 5
6 1 9 5
2 1 9 5
6 1 9 5
6 1 9 5
6 1 9 5
6 1 9 5
6 1 9 5
6 1 9 5
6 1 9 5
6 1 9 5
6 1 9 5
Miss = 21
Hit = 79
